left_eye -46.465794 22.978367 36.693169
left_eye -44.172649 24.170362 39.532265
left_eye -44.745033 22.209858 37.632885
left_eye -42.507919 25.183571 41.590481
left_eye -43.211533 21.235752 38.84473
left_eye -40.799831 25.943686 43.249844
left_eye -41.397541 20.212616 40.406921
left_eye -38.466522 26.675095 44.910091
left_eye -39.277618 19.68429 41.742577
left_eye -35.873905 27.199488 46.042858
left_eye -37.176655 19.165071 42.740726
left_eye -35.873905 27.199488 46.042858
left_eye -35.042427 18.878029 43.502579
left_eye -34.045776 27.419592 46.56522
left_eye -33.28648 18.827271 43.856976
left_eye -32.243496 27.329805 46.509731
left_eye -31.741634 18.630224 44.172939
left_eye -30.381437 27.327744 46.194946
left_eye -30.133371 18.858358 44.183556
left_eye -28.607906 26.917076 45.57095
left_eye -28.557831 19.133814 44.019611
left_eye -26.358639 26.15451 44.672291
left_eye -26.764961 19.612505 43.695194
left_eye -24.627083 25.272305 43.919708
left_eye -24.572691 20.206587 42.989212
left_eye -21.92214 23.035112 41.993748
left_eye -21.600439 21.09404 41.949348
right_eye 19.24362 21.743841 41.731483
right_eye 21.88629 24.799198 42.837517
right_eye 22.993 20.254101 43.166214
right_eye 23.861786 25.976303 43.834728
right_eye 25.053579 19.855495 43.643547
right_eye 26.942331 27.187201 45.322102
right_eye 26.554586 19.36236 43.949577
right_eye 28.89327 27.470255 45.704445
right_eye 27.745766 19.197086 44.064579
right_eye 30.627802 27.676674 46.16769
right_eye 30.614843 18.864174 44.040993
right_eye 32.400543 27.550564 45.992725
right_eye 32.303772 18.856342 43.672703
right_eye 34.05093 27.245235 45.413521
right_eye 33.830818 18.964417 43.288116
right_eye 35.602669 27.075237 44.992954
right_eye 35.304161 19.383694 42.624832
right_eye 36.906887 26.821215 44.38554
right_eye 36.725742 19.49398 41.990711
right_eye 38.161865 26.362816 43.51384
right_eye 38.185368 19.613056 41.323524
right_eye 39.957928 25.621069 41.715767
right_eye 40.203571 20.304419 39.732861
right_eye 41.899574 24.628424 39.653999
right_eye 42.620708 21.645882 37.266239
right_eye 44.016495 22.856308 36.356369
mouth -15.214808 -44.811443 49.47456
mouth -13.029117 -44.502056 50.104027
mouth -11.535597 -44.60117 52.775429
mouth -11.11624 -43.913586 51.500252
mouth -9.2141619 -44.624535 54.544426
mouth -8.330575 -43.707275 52.866444
mouth -7.5159612 -44.809685 55.348911
mouth -6.2794247 -43.629505 53.591896
mouth -5.6310091 -44.849419 55.835091
mouth -3.8784192 -43.771797 54.264637
mouth -3.8065927 -45.079178 56.223499
mouth -1.6662363 -43.894428 54.349163
mouth -1.5503801 -45.218723 56.37558
mouth -0.022141561 -43.453938 56.037476
mouth 1.324297 -45.256447 56.353939
mouth 1.977214 -43.246067 56.053268
mouth 4.8421068 -45.246475 55.964729
mouth 5.1425872 -43.618717 53.735603
mouth 7.9835672 -44.940403 54.995136
mouth 9.791996 -43.899601 50.874748
mouth 11.17093 -44.762405 53.165184
mouth 13.052458 -43.940968 50.481976
mouth 16.315849 -44.693901 48.016823