left_eye -45.200077 23.054905 36.668747
left_eye -44.745926 23.386406 37.464279
left_eye -44.973759 22.8941 36.485634
left_eye -77.802879 32.191715 -20.5765
left_eye -44.444645 22.377151 37.224545
left_eye -43.774857 24.020435 39.047745
left_eye -43.954277 22.030214 37.639156
left_eye -79.045265 36.814045 -23.999737
left_eye -43.387962 21.621708 38.130585
left_eye -79.59037 39.113102 -25.523838
left_eye -42.858986 21.325432 38.576824
left_eye -42.434719 24.891947 41.271358
left_eye -42.465214 21.065668 38.958721
left_eye -41.478821 25.367037 42.031208
left_eye -42.134899 20.816109 39.317638
left_eye -40.571575 25.867277 42.794998
left_eye -41.625275 20.576477 39.74781
left_eye -39.473377 26.242207 43.868908
left_eye -41.132706 20.409262 40.076767
left_eye -38.268528 26.634119 44.648472
left_eye -40.140945 20.134996 40.74168
left_eye -36.950794 26.890465 45.200649
left_eye -39.069336 19.826077 41.450054
left_eye -35.536858 27.118612 45.468681
left_eye -38.011349 19.586832 41.962715
left_eye -33.903564 27.191713 45.727993
left_eye -37.018406 19.342722 42.43795
left_eye -32.306767 27.252834 45.994026
left_eye -35.914188 19.230724 42.819817
left_eye -30.875807 27.192226 45.595749
left_eye -34.954338 19.05044 43.299191
left_eye -29.043566 27.038143 45.378143
left_eye -33.358566 19.075083 43.557812
left_eye -28.64193 26.965036 45.554996
left_eye -31.740526 18.940865 43.893803
left_eye -27.463175 26.617689 45.118267
left_eye -30.221373 19.176439 43.808228
left_eye -26.222122 26.207033 44.699451
left_eye -28.57979 19.410364 43.67524
left_eye -25.421806 25.796236 44.306992
left_eye -27.546923 19.596525 43.497921
left_eye -24.545685 25.312607 43.930641
left_eye -26.573568 19.80806 43.351772
left_eye -23.980759 24.88126 43.553951
left_eye -25.689844 20.015734 43.035324
left_eye -23.35568 24.458183 43.167336
left_eye -24.737774 20.232155 42.687401
left_eye -22.51165 23.770384 42.680897
left_eye -23.217834 20.491789 42.158268
left_eye -22.038126 23.197916 42.09177
left_eye -22.280554 20.792753 41.620758
left_eye -21.563356 21.968817 41.914063
right_eye 20.070158 22.275557 41.781178
right_eye 20.079973 23.445839 41.837578
right_eye 21.651655 20.686424 42.456348
right_eye 20.480413 23.730968 41.732944
right_eye 21.673193 20.818844 42.155491
right_eye 21.176817 24.382177 42.074451
right_eye -76.166328 11.388324 -74.338112
right_eye 21.99865 25.064676 42.487743
right_eye 24.180088 20.316242 43.06229
right_eye 22.60001 25.494591 42.80294
right_eye -70.836914 5.5251112 -83.504776
right_eye 23.242273 25.941671 43.178608
right_eye -66.435242 2.6139817 -89.891724
right_eye 24.564919 26.464033 44.189659
right_eye 27.282003 19.607643 43.690231
right_eye 25.743124 26.884214 44.548748
right_eye 28.951817 19.347881 43.775105
right_eye 26.891535 27.28507 44.773357
right_eye 30.511806 19.068247 43.83194
right_eye 28.80938 27.53212 45.713928
right_eye 32.099224 19.185596 43.468616
right_eye 30.637377 27.721308 46.165749
right_eye 33.713406 19.155682 43.149956
right_eye 32.35228 27.578175 45.997711
right_eye 34.658863 19.253675 42.654953
right_eye 34.046135 27.322954 45.416515
right_eye 35.48457 19.438946 42.268616
right_eye 35.323429 27.09119 44.471279
right_eye 36.512901 19.636847 41.734825
right_eye 36.690964 26.80385 44.264526
right_eye 37.806549 19.819513 41.095657
right_eye 37.799599 26.415857 43.176167
right_eye 38.938694 20.052925 40.301777
right_eye 38.9799 26.035088 42.288345
right_eye 40.010983 20.314705 39.488438
right_eye 39.902435 25.607855 41.365807
right_eye 40.477562 20.510927 39.006207
right_eye 40.778629 25.086517 40.544033
right_eye 40.913124 20.701002 38.639378
right_eye 41.206936 24.802618 39.790932
right_eye 41.287804 20.851021 38.277149
right_eye 41.68763 24.532829 39.180031
right_eye 41.896358 21.222668 37.633972
right_eye 42.354214 24.123346 38.334335
right_eye 42.373173 21.518227 37.192097
right_eye 43.10421 23.494198 36.84177
right_eye 42.852367 21.879553 36.705021
right_eye 43.432629 23.057114 35.859409
right_eye 43.103252 22.173939 36.399998
right_eye 43.743435 22.621115 35.8283
mouth -19.290382 -44.304996 42.93742
mouth -19.261021 -44.226433 43.001411
mouth -19.199312 -44.369602 42.971207
mouth -19.231182 -44.166496 43.065933
mouth -19.101437 -44.486626 43.042637
mouth -18.996174 -44.160938 43.221035
mouth -18.915812 -44.60635 43.273693
mouth -18.770948 -44.139584 43.316441
mouth -18.735804 -44.742435 43.483273
mouth -18.529217 -44.163376 43.624348
mouth -18.439442 -44.854843 43.902798
mouth -17.912827 -44.155083 43.848907
mouth -18.142937 -45.014847 44.308407
mouth -17.425909 -44.201881 44.145767
mouth -17.727407 -45.078621 44.818325
mouth -16.932257 -44.25618 44.49284
mouth -20.131733 -45.59911 46.785954
mouth -16.333521 -44.289749 44.894382
mouth -16.744081 -45.155777 46.062309
mouth -15.742836 -44.330902 45.258598
mouth -16.190432 -45.124226 46.71212
mouth -15.050785 -44.329842 45.812035
mouth -15.560594 -45.00893 47.619999
mouth -14.362384 -44.306118 46.351028
mouth -14.930384 -44.906937 48.513214
mouth -13.570474 -44.395771 46.843864
mouth -12.78113 -44.433563 47.334221
mouth -15.493925 -45.197063 50.683945
mouth -13.89572 -44.621986 49.316921
mouth -15.188756 -45.227467 50.983997
mouth -12.001147 -44.36792 47.773556
mouth -12.85226 -44.838715 49.100559
mouth -12.808825 -44.538185 49.815037
mouth -13.08141 -44.875568 50.214264
mouth -11.194303 -44.32505 48.246208
mouth -13.737977 -45.137375 52.178406
mouth -11.93296 -44.406036 50.059662
mouth -13.345556 -45.114655 52.472584
mouth -11.124444 -44.322517 49.209312
mouth -12.870053 -45.082218 52.819004
mouth -11.206576 -44.30759 50.235008
mouth -12.427606 -45.033649 53.128693
mouth -10.295845 -44.148842 49.599533
mouth -12.047471 -44.989765 53.353191
mouth -10.249433 -44.103729 50.722221
mouth -11.507634 -44.946129 53.680618
mouth -9.8830271 -44.083332 50.988831
mouth -11.125047 -44.977989 53.978439
mouth -9.1290274 -44.047058 49.977638
mouth -10.67736 -45.015976 54.264942
mouth -8.6031008 -44.039581 49.44931
mouth -10.299857 -44.984997 54.433937
mouth -8.2912025 -44.017002 49.587467
mouth -9.8581772 -44.981922 54.661449
mouth -7.9419155 -43.990845 49.768257
mouth -8.7195616 -44.707569 52.475357
mouth -7.6015153 -43.977013 49.65802
mouth -8.9096251 -44.989582 55.045704
mouth -7.5046573 -44.019539 50.43655
mouth -8.5182772 -45.000824 55.194012
mouth -7.1847534 -44.022751 50.424473
mouth -8.2240496 -45.008034 55.30854
mouth -6.9506474 -44.036373 50.66988
mouth -7.8981376 -44.991585 55.413326
mouth -6.7155809 -44.101696 52.097313
mouth -7.2670169 -44.97047 55.56419
mouth -6.079052 -44.133198 52.308685
mouth -6.2344341 -45.00975 55.791271
mouth -5.5167718 -44.053596 50.744255
mouth -5.6924109 -44.977177 55.811703
mouth -5.04673 -43.971382 49.980991
mouth -5.1088624 -45.020584 55.962887
mouth -4.6750002 -44.195023 52.718811
mouth -4.3952122 -44.967976 55.642754
mouth -3.8225183 -44.219013 52.864578
mouth -3.5909259 -45.000587 55.195625
mouth -2.8313127 -44.245022 52.852962
mouth -2.0629346 -45.016251 55.674328
mouth -2.0898676 -44.265781 52.911255
mouth -1.3026016 -45.057198 55.834377
mouth -1.5429478 -44.153316 51.541317
mouth -0.37979418 -44.907978 55.098129
mouth -0.62860239 -44.238892 52.827057
mouth 0.53299063 -44.885361 54.927753
mouth 0.4536646 -44.264374 52.837498
mouth 1.9429189 -45.048573 55.577091
mouth 1.5761776 -44.252033 53.021492
mouth 3.0957584 -45.134739 55.832634
mouth 1.9648067 -44.2878 52.943211
mouth 4.2645307 -45.272602 56.139248
mouth 2.6972051 -44.230507 52.903099
mouth 5.1455112 -45.246319 55.951859
mouth 3.5514309 -44.194717 52.746334
mouth 5.7994823 -45.251728 55.803734
mouth 4.3817234 -44.129623 52.638905
mouth 6.6656275 -45.216209 55.554985
mouth 5.5007701 -44.171387 53.240154
mouth 5.7549424 -44.976887 53.158119
mouth 5.5676465 -44.050491 52.269192
mouth 7.3528576 -45.010178 53.930225
mouth 5.380363 -43.945648 50.99292
mouth 7.4021311 -44.966537 52.588757
mouth 5.4310436 -43.914936 49.81155
mouth 8.4257383 -44.960453 52.296066
mouth 6.8886838 -43.923683 49.904087
mouth 9.1324282 -44.956203 51.991821
mouth 8.5062304 -43.940197 50.214653
mouth 12.307636 -45.231941 52.482185
mouth 8.6041336 -43.980652 49.097698
mouth 11.815679 -45.003548 50.203171
mouth 9.4571791 -44.010834 48.715397
mouth 14.703792 -45.192451 50.426193
mouth 10.34432 -44.062187 48.30032
mouth 15.15897 -45.187237 50.000175
mouth 14.199062 -44.255672 49.258446
mouth 13.992227 -45.005295 48.517643
mouth 11.953524 -44.136471 47.364502
mouth 14.826491 -44.994587 47.721634
mouth 12.768617 -44.11964 46.864418
mouth 17.534964 -45.264473 47.778271
mouth 13.545116 -44.059231 46.396111
mouth 18.635599 -45.403778 47.011387
mouth 14.23996 -44.079548 45.861931
mouth 19.897139 -45.500191 46.519897
mouth 14.971347 -44.056118 45.295567
mouth 16.993349 -45.104439 44.752556
mouth 21.0959 -44.255852 46.678062
mouth 22.567011 -45.52404 45.657787
mouth 16.176855 -43.967991 44.419956
mouth 24.295465 -45.492229 45.30957
mouth 16.681465 -43.945965 44.063099
mouth 25.742989 -45.445286 45.093628
mouth 17.159037 -43.901978 43.733463
mouth 27.021072 -45.287037 44.859924
mouth 17.649368 -43.903107 43.421902
mouth 27.829767 -45.130245 44.689823
mouth 18.067497 -43.972118 43.182598
mouth 28.506893 -44.930859 44.536427
mouth 18.34811 -43.995327 43.00349
mouth 28.790133 -44.842819 44.460072
mouth 18.596598 -44.041363 42.853134
mouth 18.688494 -44.170765 42.674465
mouth 18.649981 -44.083668 42.755943